##FastQC	0.11.2
>>Basic Statistics	pass
#Measure	Value
Filename	SHIP1996174.bam
File type	Conventional base calls
Encoding	Sanger / Illumina 1.9
Total Sequences	27055620
Sequences flagged as poor quality	0
Sequence length	8-375
%GC	48
>>END_MODULE
>>Per base sequence quality	fail
#Base	Mean	Median	Lower Quartile	Upper Quartile	10th Percentile	90th Percentile
1	23.69787947938358	25.0	22.0	26.0	20.0	28.0
2	22.635734054514366	23.0	20.0	26.0	14.0	27.0
3	22.562375839104778	24.0	20.0	26.0	14.0	28.0
4	22.719701895576595	24.0	20.0	27.0	14.0	28.0
5	22.752497447850022	24.0	20.0	27.0	14.0	28.0
6	22.814439181212627	24.0	20.0	27.0	14.0	28.0
7	22.894809322425434	24.0	20.0	27.0	14.0	28.0
8	22.867244402456866	24.0	20.0	27.0	14.0	28.0
9	22.86429096933727	24.0	20.0	27.0	14.0	28.0
10-19	22.848001789410205	24.0	20.0	27.0	14.0	28.0
20-29	22.741393477905792	24.0	20.0	27.0	14.0	28.0
30-39	22.533657956456686	23.6	20.0	26.2	14.0	28.0
40-49	22.306636301108313	23.0	20.0	26.0	14.0	28.0
50-59	22.082353040203635	23.0	20.0	26.0	14.0	28.0
60-69	21.88118550871693	23.0	19.1	26.0	14.0	27.7
70-79	21.721979093127164	23.0	19.0	26.0	13.3	27.0
80-89	21.57274680170384	23.0	19.0	26.0	13.0	27.0
90-99	21.44083352886515	22.1	18.9	25.9	13.0	27.0
100-109	21.31444681200189	22.0	18.0	25.0	13.0	27.0
110-119	21.2142193526701	22.0	18.0	25.0	13.0	27.0
120-129	21.109326634155245	22.0	18.0	25.0	13.0	27.0
130-139	21.00949817049777	22.0	18.0	25.0	13.0	27.0
140-149	20.906155609998006	22.0	18.0	25.0	13.0	27.0
150-159	20.81241234132316	22.0	18.0	25.0	13.0	27.0
160-169	20.725470480712968	22.0	18.0	25.0	12.9	27.0
170-179	20.611718861939416	21.9	18.0	25.0	12.0	27.0
180-189	20.42249858869932	21.0	17.3	24.9	12.0	27.0
190-199	20.18569060496345	21.0	17.0	24.0	12.0	26.8
200-209	19.97825031167194	21.0	16.4	24.0	12.0	26.0
210-219	19.76623063948548	20.4	16.0	24.0	12.0	26.0
220-229	19.52294401908811	20.0	16.0	24.0	12.0	26.0
230-239	19.10601512122582	20.0	15.0	23.0	12.0	25.4
240-249	18.676412283745535	19.9	14.0	23.0	11.0	25.0
250-259	18.56952017755672	19.7	14.0	22.6	11.2	25.0
260-269	18.451044583044187	19.1	14.0	22.3	11.1	25.0
270-279	18.41939738887714	19.1	14.0	22.2	11.2	25.0
280-289	18.211113748994602	19.1	14.1	22.1	10.5	24.9
290-299	18.402669530062553	19.2	14.2	22.1	10.8	24.7
300-309	18.667152352019478	19.5	15.0	22.5	12.0	25.0
310-319	19.389303899371793	0.0	0.0	0.0	0.0	0.0
320-329	19.116366352580012	0.0	0.0	0.0	0.0	0.0
330-339	18.06050021477719	0.0	0.0	0.0	0.0	0.0
340-349	18.304566829518876	0.0	0.0	0.0	0.0	0.0
350-359	18.779632867132868	0.0	0.0	0.0	0.0	0.0
360-369	21.501287878787878	0.0	0.0	0.0	0.0	0.0
370-375	18.25	0.0	0.0	0.0	0.0	0.0
>>END_MODULE
>>Per sequence quality scores	warn
#Quality	Count
6	26.0
7	352.0
8	1209.0
9	2983.0
10	7044.0
11	15729.0
12	30567.0
13	47219.0
14	69897.0
15	132627.0
16	321278.0
17	832193.0
18	1953380.0
19	3613523.0
20	4922194.0
21	5065366.0
22	4173699.0
23	2909711.0
24	1745159.0
25	863413.0
26	303322.0
27	43602.0
28	1092.0
29	31.0
30	4.0
>>END_MODULE
>>Per base sequence content	fail
#Base	G	A	T	C
1	34.84700406052421	17.881955763719333	4.242442050856717	43.028598124899744
2	24.515926820379647	27.99447212815674	18.310229076251073	29.179371975212543
3	21.798210501182382	31.4975114227654	17.207881393958075	29.496396682094144
4	23.24342594995051	29.554251575088653	21.73506280765327	25.46725966730757
5	25.873604079300343	28.743070755724688	21.9545587940694	23.428766370905567
6	22.9602056800029	28.189156264022042	25.564744034695934	23.285894021279127
7	24.11723701027735	27.97628736654344	23.773759388992012	24.132716234187203
8	21.897018068704394	26.2255937953002	26.96786841329084	24.909519722704562
9	21.547974603764224	25.598815172846802	28.98483688370184	23.86837333968714
10-19	23.588511517568598	25.34723521143673	26.537507810138507	24.526745460856166
20-29	23.59546872259807	25.602192236136684	26.71489123936837	24.08744780189687
30-39	23.89103135902096	25.4237135524516	26.432956862123223	24.252298226404214
40-49	24.245597134291508	25.05807337021818	26.102186249762532	24.594143245727775
50-59	24.39745724391648	25.07084406586707	25.936462094419067	24.595236595797385
60-69	24.51385646670444	25.090108328583415	25.826384692730397	24.56965051198174
70-79	24.69320298101202	25.138037569206702	25.6013038088863	24.567455640894984
80-89	24.820222431533075	25.20211464268216	25.495929750108854	24.481733175675906
90-99	24.894406050816535	25.33061094858126	25.445789012877828	24.329193987724377
100-109	24.934396605179714	25.431167414560857	25.37516476507306	24.25927121518637
110-119	24.91127125931936	25.558238322313926	25.366450549485442	24.16403986888127
120-129	24.81569189894538	25.702923506546867	25.46613997769289	24.01524461681486
130-139	24.757400340231886	25.95568645803848	25.474316092180537	23.812597109549095
140-149	24.659227496398277	26.326429119239243	25.478718344094414	23.53562504026807
150-159	24.495876645048618	26.699204450903846	25.666196053961066	23.13872285008647
160-169	24.241846581669954	27.102525657906583	25.889807223049	22.76582053737446
170-179	24.418665425073016	27.12646799740364	25.87932993496938	22.575536642553963
180-189	24.940955718541957	26.46989671176267	25.96074734398598	22.62840022570939
190-199	25.085660981563784	26.092801107796443	26.1864441419116	22.635093768728176
200-209	25.112819183453112	26.04339351797097	26.40618707914339	22.43760021943253
210-219	25.470003160062323	25.45740421878647	26.542601288947427	22.52999133220379
220-229	26.680896150816857	23.485416354764162	26.557317589236145	23.276369905182833
230-239	29.661128417451398	17.774134743574237	27.389349032640574	25.175387806333788
240-249	30.876980428704563	14.256873252562908	28.054403541472507	26.811742777260015
250-259	29.533598908931197	19.913546667077615	25.011365300005394	25.541489123985787
260-269	29.276095883869736	24.713494413141056	21.77919969439404	24.231210008595166
270-279	30.340067126844406	26.83173959850548	19.13748337660693	23.69070989804319
280-289	28.890117994100294	27.452064896755164	19.358407079646017	24.299410029498524
290-299	28.748651564185547	32.740021574973035	18.6084142394822	19.902912621359224
300-309	31.077981651376145	34.174311926605505	14.449541284403669	20.298165137614678
310-319	23.35216572504708	37.664783427495294	13.182674199623351	25.800376647834273
320-329	23.93617021276596	31.914893617021278	13.829787234042554	30.319148936170215
330-339	32.33333333333333	30.333333333333336	14.666666666666666	22.666666666666664
340-349	25.247524752475247	33.663366336633665	14.356435643564355	26.732673267326735
350-359	30.075187969924812	47.368421052631575	5.263157894736842	17.293233082706767
360-369	20.224719101123593	38.20224719101123	6.741573033707865	34.831460674157306
370-375	26.666666666666668	46.666666666666664	13.333333333333334	13.333333333333334
>>END_MODULE
>>Per sequence GC content	fail
#GC Content	Count
0	819.0
1	829.5
2	950.0
3	1406.5
4	2325.0
5	3738.0
6	5713.0
7	7096.5
8	7907.0
9	9162.5
10	10722.0
11	12661.0
12	14867.0
13	18119.333333333336
14	22427.999999999996
15	27612.83333333334
16	33583.0
17	41200.83333333333
18	51387.916666666664
19	64138.500000000284
20	78741.66666666733
21	95472.58333333193
22	115802.99999999352
23	140168.83333331603
24	167766.58333332746
25	200795.41666670548
26	236429.75000010867
27	273332.916666906
28	313920.7500001659
29	355635.0833332457
30	395691.91666626075
31	434661.5833326232
32	474159.9999990152
33	511236.2499986999
34	549949.1666650501
35	587620.9166655088
36	619629.083332398
37	648585.666666125
38	673544.4166663958
39	696201.8333335229
40	717920.8333339276
41	732348.5000007614
42	735489.0833341716
43	739655.4166675467
44	746186.7500009543
45	751650.5833343494
46	759739.3333344999
47	768355.3333345923
48	772259.3333346086
49	777911.1666681133
50	787708.1666683329
51	794506.083334937
52	799379.2500016236
53	812520.4166685429
54	823656.7500019431
55	833157.2500020373
56	848254.4166689445
57	862156.0833358311
58	869188.0000026291
59	874104.3333360137
60	871083.9166691634
61	856570.7500023689
62	830841.8333353065
63	797617.3333347482
64	752962.0833342023
65	698761.5833335732
66	634329.0833329387
67	568323.9166658672
68	504761.99999944965
69	438160.91666638653
70	376311.74999988254
71	318315.16666673415
72	263347.916666745
73	213284.50000002058
74	172236.8333333308
75	138193.6666666608
76	110585.08333333199
77	88806.91666666692
78	71523.75000000032
79	58052.333333333416
80	48097.5
81	39666.33333333333
82	31979.333333333336
83	25417.666666666668
84	20317.666666666668
85	16830.333333333336
86	13162.0
87	11263.0
88	9401.5
89	7395.5
90	6457.0
91	5738.5
92	5228.5
93	4908.5
94	3832.5
95	2340.5
96	1435.0
97	930.0
98	697.5
99	624.0
100	624.0
>>END_MODULE
>>Per base N content	pass
#Base	N-Count
1	0.0
2	0.0
3	0.0
4	0.0
5	0.0
6	0.0
7	0.0
8	0.0
9	0.0
10-19	0.0
20-29	0.0
30-39	0.0
40-49	0.0
50-59	0.0
60-69	0.0
70-79	0.0
80-89	0.0
90-99	0.0
100-109	0.0
110-119	0.0
120-129	0.0
130-139	0.0
140-149	0.0
150-159	0.0
160-169	0.0
170-179	0.0
180-189	0.0
190-199	0.0
200-209	0.0
210-219	0.0
220-229	0.0
230-239	0.0
240-249	0.0
250-259	0.0
260-269	0.0
270-279	0.0
280-289	0.0
290-299	0.0
300-309	0.0
310-319	0.0
320-329	0.0
330-339	0.0
340-349	0.0
350-359	0.0
360-369	0.0
370-375	0.0
>>END_MODULE
>>Sequence Length Distribution	warn
#Length	Count
0-9	65166.0
10-19	495181.0
20-29	497148.0
30-39	582295.0
40-49	674390.0
50-59	771215.0
60-69	869385.0
70-79	942413.0
80-89	1001166.0
90-99	1047260.0
100-109	1076533.0
110-119	1077560.0
120-129	1068048.0
130-139	1050542.0
140-149	1025542.0
150-159	994283.0
160-169	1007589.0
170-179	1538665.0
180-189	2326687.0
190-199	2423344.0
200-209	2068331.0
210-219	1763182.0
220-229	1588513.0
230-239	911066.0
240-249	167060.0
250-259	16837.0
260-269	3838.0
270-279	1536.0
280-289	568.0
290-299	164.0
300-309	48.0
310-319	23.0
320-329	9.0
330-339	7.0
340-349	10.0
350-359	5.0
360-369	8.0
370-376	3.0
>>END_MODULE
>>Sequence Duplication Levels	pass
#Total Deduplicated Percentage	89.01458498589524
#Duplication Level	Percentage of deduplicated	Percentage of total
1	94.75433001679617	84.34517362061666
2	3.495982999312429	6.223869516030822
3	0.8099044892795384	2.1627993597429467
4	0.36878839280250003	1.3131018293171943
5	0.13491434592586654	0.6004672255617258
6	0.0960635106507038	0.5130632119716315
7	0.044196657110061266	0.27539029632912143
8	0.05099313477854398	0.36313061835535304
9	0.026579635184045113	0.21293776754858473
>10	0.20914911466902433	3.3705028292395203
>50	0.008301021937424156	0.49805468783780305
>100	7.691174956496825E-4	0.10639484181126495
>500	2.75640580502753E-5	0.015114195637293864
>1k	0.0	0.0
>5k	0.0	0.0
>10k+	0.0	0.0
>>END_MODULE
>>Overrepresented sequences	pass
>>END_MODULE
>>Adapter Content	pass
#Position	Illumina Universal Adapter	Illumina Small RNA Adapter	Nextera Transposase Sequence
1	0.0	0.0	3.6960897588005744E-6
2	0.0	0.0	8.131397469361264E-5
3	0.0	0.0	8.131397469361264E-5
4	0.0	0.0	8.131397469361264E-5
5	3.6960897588005744E-6	0.0	8.870615421121379E-5
6	1.1088269276401723E-5	0.0	9.240224397001436E-5
7	1.1088269276401723E-5	3.6960897588005744E-6	9.240224397001436E-5
8	2.2176538552803447E-5	3.6960897588005744E-6	9.609833372881494E-5
9	2.2176538552803447E-5	3.6960897588005744E-6	1.1457878252281781E-4
10-19	3.548246168448551E-5	3.6960897588005736E-6	2.450507510084781E-4
20-29	3.489108732307743E-4	3.6960897588005736E-6	3.810668541323392E-4
30-39	4.383562453937481E-4	3.6960897588005736E-6	3.8439333491525977E-4
40-49	4.442699890078291E-4	3.6960897588005736E-6	3.8439333491525977E-4
50-59	4.4722686081486953E-4	1.034905132464161E-5	3.98808084974582E-4
60-69	4.6644652756063247E-4	1.5153968011082356E-5	4.930583738239967E-4
70-79	4.871446302099156E-4	1.9219666745762988E-5	5.215182649667611E-4
80-89	4.952760276792768E-4	2.735106421512425E-5	7.292385094113533E-4
90-99	4.952760276792768E-4	1.1199151969165739E-4	7.898543814556828E-4
100-109	4.952760276792768E-4	1.8850057769882934E-4	8.031603045873649E-4
110-119	5.071035149074388E-4	1.8850057769882934E-4	8.109220930808461E-4
120-129	5.721546946623288E-4	1.8850057769882934E-4	8.497310355482519E-4
130-139	5.765900023728895E-4	1.8850057769882934E-4	8.859527151844976E-4
140-149	5.836125729146108E-4	1.8997901360234956E-4	0.0010578208889687245
150-159	5.898959255045717E-4	1.9219666745762988E-4	0.0011162191071577736
160-169	5.972881050221727E-4	1.9219666745762988E-4	0.0011165887161336536
170-179	6.445980539348201E-4	1.9293588540939E-4	0.0011221328507718543
180-189	6.712099001981844E-4	1.9921923799935096E-4	0.001126937767458295
190-199	6.789716886916654E-4	1.99588846975231E-4	0.0011324819020964963
200-209	6.800805156193056E-4	1.99588846975231E-4	0.0011742477163709426
210-219	6.800805156193056E-4	1.99588846975231E-4	0.0011938369920925856
220-229	6.800805156193056E-4	1.99588846975231E-4	0.0011938369920925856
230-239	6.800805156193056E-4	1.99588846975231E-4	0.0011938369920925856
240-249	6.800805156193056E-4	1.99588846975231E-4	0.0011938369920925856
250-259	6.800805156193056E-4	1.99588846975231E-4	0.0011938369920925856
260-269	6.800805156193056E-4	1.99588846975231E-4	0.0011938369920925856
270-279	6.800805156193056E-4	1.99588846975231E-4	0.0011938369920925856
280-289	6.800805156193056E-4	1.99588846975231E-4	0.0011938369920925856
290-299	6.800805156193056E-4	1.99588846975231E-4	0.0011938369920925856
300-309	6.800805156193056E-4	1.99588846975231E-4	0.0011938369920925856
310-319	6.800805156193056E-4	1.99588846975231E-4	0.0011938369920925856
320-329	6.800805156193056E-4	1.99588846975231E-4	0.0011938369920925856
330-339	6.800805156193056E-4	1.99588846975231E-4	0.0011938369920925856
340-349	6.800805156193056E-4	1.99588846975231E-4	0.0011938369920925856
350-359	6.800805156193056E-4	1.99588846975231E-4	0.0011938369920925856
360-363	6.800805156193057E-4	1.9958884697523103E-4	0.0011938369920925856
>>END_MODULE
>>Kmer Content	fail
#Sequence	Count	PValue	Obs/Exp Max	Max Obs/Exp Position
TCCCCCC	24380	0.0	15690.372	325-329
CCCCATG	33730	0.0	11340.98	330-331
TTTTTAC	39980	0.0	9568.066	310-314
CCCCCCC	28140	6.522896E-9	9062.575	325-329
ACCTTCT	46365	0.0	8250.432	315-319
CCCATGT	26880	8.0899255E-5	7115.5376	330-331
TTTTACC	30730	1.05733154E-4	6224.069	310-314
CTCCTTC	70870	0.0	5397.6475	320-324
GGGGGGT	26665	2.3881976E-4	4781.94	300-304
CTAACGT	3370	3.5091245E-4	4729.615	275-279
GGTACGC	3590	3.9822102E-4	4439.7783	275-279
GGGGCAC	34280	3.9469625E-4	3719.674	305-309
AAAGGGG	36090	4.3747548E-4	3533.1235	300-304
CTTAGAG	15545	5.681041E-4	3515.4282	290-294
TTGTGTT	39855	5.3351023E-4	3199.3582	305-309
TCCTTCC	60165	4.052975E-4	3179.0183	320-324
GTTAACG	2380	8.737704E-4	3032.5928	265-269
GGGGGTT	21320	7.632857E-4	2990.3948	300-304
GCGTGCA	10570	9.755345E-4	2783.868	280-284
AACACCA	34805	8.1370666E-4	2747.6748	295-299
>>END_MODULE
